{"poses": [[[1.0, 1.197625e-11, 1.704638e-10, 1.110223e-16], [1.197625e-11, 1.0, 3.562503e-10, 0.0], [1.704638e-10, 3.562503e-10, 1.0, 2.220446e-16], [0.0, 0.0, 0.0, 1.0]], [[0.9999989934650455, -0.0012188329977665677, 0.0007263022921049665, -0.16386295048188299], [0.0012200380079292754, 0.999997876385957, -0.001660942755068875, 0.06610502212267634], [-0.0007242759960853155, 0.0016618279117571197, 0.9999983568747866, 0.9842657514961426], [0.0, 0.0, 0.0, 1.0]], [[0.9999978490389813, -0.001171291751370022, 0.0017117222450495043, -0.24746768174270845], [0.0011779925867340501, 0.9999916272058185, -0.003918909507179752, 0.08518938814838295], [-0.0017071173850050825, 0.003920918185968752, 0.9999908560336003, 1.9805819875591348], [0.0, 0.0, 0.0, 1.0]], [[0.9999794750810816, -0.003139664802822302, 0.0055849728280626025, -0.6327959380214059], [0.0031726044731093007, 0.999977568782607, -0.005898856879457343, 0.12592207800361838], [-0.005566326773819973, 0.005916455427088841, 0.9999670052363862, 2.902462123228953], [0.0, 0.0, 0.0, 1.0]], [[0.9999744844912397, -0.004942780917608745, 0.0051574492997723785, -0.7660714941455318], [0.004988880056578716, 0.9999473765460573, -0.008964107007359641, 0.1673941729215725], [-0.005112869935443188, 0.008989608890341139, 0.9999465213165263, 3.8926730506381717], [0.0, 0.0, 0.0, 1.0]], [[0.9999391508837281, -0.008911727601364106, 0.006501972092194139, -0.9470100701658793], [0.008982277378234397, 0.9999002142300171, -0.010903223187090597, 0.14344263997858914], [-0.006404156385573968, 0.010960962961823948, 0.9999194187893037, 4.875875744769537], [0.0, 0.0, 0.0, 1.0]], [[0.9998112626598024, -0.008228485508318024, -0.017599178527726928, -0.28890305747888567], [0.00805758736994984, 0.9999199101115267, -0.009759541399736782, 0.05540779619351768], [0.017678075603062893, 0.009615893200863375, 0.9997974896152331, 5.623635728329382], [0.0, 0.0, 0.0, 1.0]], [[0.9998710708743331, -0.009617145764014914, -0.012858932147275782, -0.6286898463150696], [0.009489217649003874, 0.9999052439455228, -0.009972857095912835, 0.08196853328545817], [0.012953624453622083, 0.00984955080744248, 0.9998675862144977, 6.563763095366938], [0.0, 0.0, 0.0, 1.0]], [[0.9998955633621177, -0.010290161640729968, -0.010147656978876322, -0.812504602199424], [0.010187877343307495, 0.9998972920778567, -0.010080300124907108, 0.05235272946977357], [0.010250342999938296, 0.009975864996550057, 0.9998977010604403, 7.546277750498506], [0.0, 0.0, 0.0, 1.0]], [[0.9999143925075872, -0.009264529716793073, -0.009239921282642217, -0.9488946725276846], [0.009129866797560277, 0.9998530236918671, -0.014511255855074323, 0.07976471231151207], [0.009373003541627201, 0.014425655041555858, 0.9998520126904933, 8.536553641187382], [0.0, 0.0, 0.0, 1.0]], [[0.9999331401540873, -0.008550078450189626, -0.007785331083672427, -1.1446178263385873], [0.008402295087019212, 0.9997875605391456, -0.018821137809845446, 0.06977555787822086], [0.007944599723823652, 0.01875446549179088, 0.9997925551629921, 9.517161969227239], [0.0, 0.0, 0.0, 1.0]], [[0.9999873425859942, -0.0042021443479926, 0.002767065355391724, -2.010155669554971], [0.004274411403139714, 0.9996356717092914, -0.026650576981990366, 0.3127663983918548], [-0.002654067319794233, 0.026662067941120863, 0.999640980582411, 9.955111418469068], [0.0, 0.0, 0.0, 1.0]], [[0.9999775567005538, -0.004120117759225496, 0.0052830601777695664, -2.251602350371601], [0.004258651513351462, 0.9996401448533575, -0.02648480101584522, 0.2906672905948265], [-0.005172038198403528, 0.026506706032586147, 0.999635255758907, 10.925273846143895], [0.0, 0.0, 0.0, 1.0]], [[0.999956780983006, -0.002146151646739875, 0.009046004599536358, -2.4658369824750217], [0.0023174769437473205, 0.9998173372584347, -0.018971595032362433, 0.2435753590245003], [-0.009003635969049998, 0.01899173971740587, 0.999779099782468, 11.900920235450103], [0.0, 0.0, 0.0, 1.0]], [[0.9999786967049137, -0.0006700034236647752, 0.006492860059748164, -2.3486715173093753], [0.0007316427918910165, 0.9999546473181421, -0.009495683528750225, 0.25589374610018495], [-0.006486203109213687, 0.009500232405903645, 0.9999338351878383, 12.893956244236268], [0.0, 0.0, 0.0, 1.0]], [[0.9999658704373625, 0.0003924214281778749, 0.008252512700512903, -2.4938720193812833], [-0.0003626179243672199, 0.9999934086871274, -0.0036126293117494834, 0.26259772272198023], [-0.008253875638114238, 0.0036095142178948726, 0.9999594216487291, 13.883335783106471], [0.0, 0.0, 0.0, 1.0]], [[0.9999660655264073, 0.0024722365887319855, 0.007858488524361464, -2.566490204006337], [-0.0024292512251462123, 0.9999820626464578, -0.005474771577327628, 0.2601459922884508], [-0.007871882155295763, 0.005455496264293946, 0.9999541344640978, 14.880692578469024], [0.0, 0.0, 0.0, 1.0]], [[0.9999834492476839, 0.0026435385405598967, 0.005110081671629053, -2.4942545484761616], [-0.002569927763827515, 0.9998936117992447, -0.014358292180939784, 0.34173987030800135], [-0.005147494378899063, 0.014344922712967483, 0.9998838565023327, 15.874737075792796], [0.0, 0.0, 0.0, 1.0]], [[0.9999872740845965, 0.001356248104904036, 0.004859244790759039, -2.5530649027030923], [-0.0012636282924703434, 0.9998184349209596, -0.019013164800860738, 0.28859967595980623], [-0.004884148750299721, 0.019006783274572465, 0.999807425097722, 16.871590855344294], [0.0, 0.0, 0.0, 1.0]], [[0.999999729676516, -0.0005963691764192048, 0.0004301054535950518, -2.4087627967113776], [0.0006038571584855766, 0.9998444881953278, -0.017624834239171126, 0.26510165870419605], [-0.00041952731788100385, 0.01762508990921078, 0.9998445780232647, 17.860845493971468], [0.0, 0.0, 0.0, 1.0]], [[0.9999947221432437, -0.0030154681218273003, -0.0012093955778192625, -2.3644197479033395], [0.00300459017069468, 0.9999559006142039, -0.008897711208240917, 0.2500255559128837], [0.0012361733517907896, 0.008894031220773993, 0.9999596832293224, 18.859748091024656], [0.0, 0.0, 0.0, 1.0]], [[0.9999752507269766, -0.006783711123075164, -0.0018652605500991582, -2.4534435296645554], [0.006782316307812133, 0.9999767162343896, -0.0007531099459010593, 0.22327344625144963], [0.0018703263458795852, 0.0007404412301041319, 0.9999979768110251, 19.8554182640957], [0.0, 0.0, 0.0, 1.0]], [[0.9999782838330826, -0.006483349762641412, -0.001182386611432309, -2.5018494970499545], [0.0064857215238948215, 0.99997694093552, 0.002013209764629021, 0.1819160664973676], [0.0011693073491962228, -0.002020833965448501, 0.9999972744714889, 20.85338942422367], [0.0, 0.0, 0.0, 1.0]], [[0.9999352421539324, -0.01135795152132166, -0.0007130468404521396, -2.581558750221062], [0.011359121145545133, 0.9999341081280515, 0.001658242733042911, 0.1822113870593447], [0.0006941659648887818, -0.001666234225674264, 0.9999983708972318, 21.850207538307295], [0.0, 0.0, 0.0, 1.0]], [[0.9999308563610886, -0.010135207966316334, -0.005963225340454893, -2.4087389585984456], [0.010126552940811839, 0.9999476301685447, -0.0014798127755383135, 0.19090383259205027], [0.005977911605700604, 0.0014193242478006114, 0.9999811248676209, 22.835122647151337], [0.0, 0.0, 0.0, 1.0]], [[0.9999471018188979, -0.009114011928684855, -0.00476742598804462, -2.4700357765766916], [0.009095383126043893, 0.9999509732946233, -0.003914717477450803, 0.16423177896110458], [0.0048028713860338934, 0.003871149539491534, 0.9999809731328343, 23.832885809403752], [0.0, 0.0, 0.0, 1.0]], [[0.9999241016631674, -0.0117629740045345, -0.0036637897971713244, -2.4572178400768037], [0.011732998946626853, 0.9998983726613088, -0.008098214926009921, 0.12549169776452523], [0.0037586768968854655, 0.008054613751555547, 0.9999604969924044, 24.832052924127193], [0.0, 0.0, 0.0, 1.0]], [[0.9999140190711614, -0.013112339412610965, 0.00014498305671670114, -2.5287612848650127], [0.013113051401792086, 0.9998052132094722, -0.014750712596306809, 0.09978925530311741], [4.8461884450914e-05, 0.01475134619450612, 0.9998911917988348, 25.829159188754968], [0.0, 0.0, 0.0, 1.0]], [[0.9998986679185825, -0.013959063290658394, 0.002792569908333935, -2.604063617893524], [0.014013463689130609, 0.9996913351205218, -0.02051480734458624, 0.09805973212189406], [-0.0025053400950820065, 0.020551862820992393, 0.9997856491296488, 26.826318443505745], [0.0, 0.0, 0.0, 1.0]], [[0.9999040895103981, -0.013848670649444018, 0.00016155997844461076, -2.5173272691031006], [0.013849041031279156, 0.9996887409004167, -0.02075151511232155, 0.06872301321711335], [0.0001258715576000229, 0.02075176298267782, 0.9997846510571464, 27.822117701918256], [0.0, 0.0, 0.0, 1.0]], [[0.9998636276517032, -0.015514281507812987, -0.005659785196833487, -2.393893067691662], [0.01537740268485756, 0.9996061438783841, -0.023475361706666344, 0.11119456621506563], [0.00602175977764043, 0.023385128227315245, 0.9997083945766237, 28.813561181103964], [0.0, 0.0, 0.0, 1.0]], [[0.999890202141907, -0.01402714774574566, -0.004777320037115139, -2.4010977883024127], [0.01390377889793438, 0.9995921132354838, -0.024945783005966893, 0.0831421190476057], [0.005125289966158044, 0.024876621918334126, 0.999677390503903, 29.813141669707896], [0.0, 0.0, 0.0, 1.0]], [[0.9998965606932925, -0.012129610498917608, -0.007729195486687529, -2.305149685262652], [0.011905247395164548, 0.9995245678706879, -0.02844122549009643, 0.07551720980676914], [0.008070502115502337, 0.02834626627304449, 0.9995655837332436, 30.808498798841747], [0.0, 0.0, 0.0, 1.0]], [[0.9999345143364923, -0.009591472716960323, -0.006242650860399767, -2.459217250731042], [0.009400565418717852, 0.9995079773757719, -0.029923778705335607, 0.06390643420264892], [0.006526592789586315, 0.029863135387915782, 0.9995326891759772, 31.796490886524996], [0.0, 0.0, 0.0, 1.0]], [[0.9999791242171954, -0.005643712633617972, -0.0031463689424210315, -2.599334830450581], [0.005544699677037808, 0.9995152223088157, -0.030636198825141556, 0.03863289777488036], [0.0033177459001774846, 0.030618114309883766, 0.9995256493148376, 32.786303148300185], [0.0, 0.0, 0.0, 1.0]], [[0.9999924270540451, -0.0037275914466342102, -0.0011184348748170293, -2.7069631051464063], [0.0036914820769018077, 0.9995213545812239, -0.03071538207795153, 0.009418815127430626], [0.0012323942801586536, 0.0307110215006199, 0.999527545574771, 33.78006503893553], [0.0, 0.0, 0.0, 1.0]], [[0.9999924270540451, -0.0037275914466346352, -0.0011184348748157964, -2.6339566167770916], [0.00369148207690222, 0.9995213545812242, -0.030715382077950874, -0.0432017581269436], [0.0012323942801574029, 0.030711021500619277, 0.9995275455747707, 34.776007381073576], [0.0, 0.0, 0.0, 1.0]], [[0.9999556256502676, -0.0030766969311402733, -0.00890396913621219, -2.522741991868044], [0.002825747648592725, 0.9996022293206577, -0.02806061808658141, -0.11138891036124339], [0.008986761758840276, 0.028034213256221734, 0.9995665665678268, 35.76746176266193], [0.0, 0.0, 0.0, 1.0]], [[0.9999813488835988, -0.001082557316677467, -0.00601081979410482, -2.6864460160616077], [0.0009257965929240835, 0.9996609528827913, -0.026021571477173527, -0.13213127509898975], [0.00603695202715822, 0.02601552206122168, 0.9996433102972796, 36.75375315729601], [0.0, 0.0, 0.0, 1.0]], [[0.9999844305419076, -0.0013188544770355796, -0.005422111825518432, -2.76698140383086], [0.0011732354152240753, 0.9996408628353025, -0.026772539449145368, -0.1466713494867154], [0.005455473968924248, 0.02676576191339324, 0.9996268462746332, 37.75039885127245], [0.0, 0.0, 0.0, 1.0]], [[0.9999971905764554, 0.0006940276887813776, -0.002266531439679888, -2.855939763972447], [-0.0007587232730437854, 0.9995886748579403, -0.028668893155217996, -0.17179345172939328], [0.0022457024930441186, 0.028670532994753792, 0.9995863931437385, 38.74611731643615], [0.0, 0.0, 0.0, 1.0]], [[0.9999900766790945, 0.002563486620783552, 0.00364349827604601, -2.9422673564423394], [-0.0024511688845958884, 0.9995316381478025, -0.030504034367167, -0.20789675347905384], [-0.0037199881452463133, 0.030494801549283197, 0.9995280029927468, 39.741729751143474], [0.0, 0.0, 0.0, 1.0]], [[0.9999794622167767, 0.0034560914553936947, 0.0053972749143770295, -2.9711880384461944], [-0.0032924661231276417, 0.9995433823224047, -0.030036419931801558, -0.24563178423630247], [-0.005498618698941416, 0.030018033418863565, 0.9995342329615662, 40.740598949212746], [0.0, 0.0, 0.0, 1.0]], [[0.9999833107394703, 0.00404265294199016, -0.004127372011536378, -2.896549689822305], [-0.004154052224070973, 0.9996173315270959, -0.02734838863210049, -0.28709977250321245], [0.004015232890592581, 0.027365078240210488, 0.9996174420235677, 41.736947064272755], [0.0, 0.0, 0.0, 1.0]], [[0.9999796708530662, 0.006337490907824058, 0.000702915066037029, -3.0476886940938277], [-0.006319620588805558, 0.9997147137322664, -0.02303374791106506, -0.32025564621112007], [-0.0008486903655619886, 0.023028838212556555, 0.9997344409068054, 42.7249033878259], [0.0, 0.0, 0.0, 1.0]], [[0.9999890140947706, 0.004329371295865041, 0.001796728681516907, -3.1035721703459465], [-0.004291690142999701, 0.9997812322327132, -0.020471176589484566, -0.36765714631593666], [-0.0018849626016470917, 0.020463241406129894, 0.9997888290369844, 43.7222148560326], [0.0, 0.0, 0.0, 1.0]], [[0.9999887496251163, 0.004391596084171227, 0.0017929046360205137, -3.08656920144853], [-0.004353960809972788, 0.9997807514800822, -0.02048150373364074, -0.4028762163244962], [-0.0018824576981048902, 0.020473467786368563, 0.9997886243950844, 44.72144983160396], [0.0, 0.0, 0.0, 1.0]], [[0.9999585268956427, 0.008945584133651966, 0.0017090971909055758, -3.157199648091996], [-0.008904428671455496, 0.9997018535415277, -0.022735768640465115, -0.4275108013969608], [-0.001911972026277321, 0.022719607898871248, 0.9997400481024515, 45.718648140321534], [0.0, 0.0, 0.0, 1.0]], [[0.9998983918286924, 0.013957127594639275, 0.0028990701449961853, -3.2470545557728725], [-0.013886966402198001, 0.9996400445105855, -0.022955033762178213, -0.47469869128728875], [-0.0032184126129417238, 0.022912442770479293, 0.9997322950603036, 46.71348449604447], [0.0, 0.0, 0.0, 1.0]], [[0.9998579607177369, 0.01660317345746043, 0.002897071023404729, -3.3138853188330737], [-0.01653613023993192, 0.9996254582800472, -0.02180595228594426, -0.5229241147523087], [-0.0032580336285511725, 0.021754949358271845, 0.9997580244215567, 47.71008269182202], [0.0, 0.0, 0.0, 1.0]], [[0.9998627721532731, 0.01627743161277529, 0.003079298957185174, -3.343906859837791], [-0.016213441034817856, 0.9996729870923913, -0.019774812453975867, -0.570566313207085], [-0.003400174814725011, 0.01972217348479202, 0.9997997172855497, 48.70849589437765], [0.0, 0.0, 0.0, 1.0]], [[0.9998418969353832, 0.016819756160188486, 0.005768616417440532, -3.439720210799242], [-0.016721282492571612, 0.9997204834926832, -0.016713874385165802, -0.6193877068492999], [-0.006048126956616977, 0.016614773923734838, 0.999843672504747, 49.7026972240613], [0.0, 0.0, 0.0, 1.0]], [[0.9998033407704991, 0.018546583331486125, 0.007021682909491651, -3.5228280507754506], [-0.018429434460152803, 0.999695712238415, -0.01639630682842241, -0.6622384677904084], [-0.0073236414405077055, 0.016263677416983927, 0.9998409158825855, 50.69831608187232], [0.0, 0.0, 0.0, 1.0]], [[0.9997933524559909, 0.01941756417352255, 0.006017523276353894, -3.514632802695887], [-0.019290668980121658, 0.9996042818168714, -0.020473149823137714, -0.6884225934599548], [-0.006412680406387204, 0.020352837766245607, 0.9997722938373851, 51.6979396265076], [0.0, 0.0, 0.0, 1.0]], [[0.9997097944605099, 0.023242927254270816, 0.006331918538761873, -3.5192530200674628], [-0.023065738704167425, 0.9993760093233592, -0.02675002218602847, -0.7011975558272434], [-0.006949715975952966, 0.026596209522880134, 0.9996221001392821, 52.69784735460099], [0.0, 0.0, 0.0, 1.0]], [[0.9997068803214529, 0.023731795160389375, 0.0047911727600892995, -3.4729076345326266], [-0.023595610929514805, 0.9993644547941123, -0.026719536652682088, -0.750446838077768], [-0.005422229999816048, 0.026598654702485434, 0.999631487594227, 53.695558039856984], [0.0, 0.0, 0.0, 1.0]], [[0.9997343603781624, 0.022863458644125763, 0.0029104876049314246, -3.446605082313203], [-0.02279077125562953, 0.9994769112187251, -0.022945254111795974, -0.8136403865889427], [-0.003433572705381449, 0.022872827405849644, 0.9997324863907041, 54.69321265519922], [0.0, 0.0, 0.0, 1.0]], [[0.9996503499959503, 0.025891530804878177, 0.005367158052315377, -3.4866388912175053], [-0.025768562524947202, 0.9994293934841012, -0.02183732184595414, -0.8351916621830003], [-0.005929496885779915, 0.021691383199353643, 0.9997471305093005, 55.69217854768852], [0.0, 0.0, 0.0, 1.0]], [[0.9997099857686064, 0.023636583790606108, 0.004610451306205838, -3.46708434686955], [-0.02354015474105388, 0.9995237289829889, -0.0199543557829408, -0.8900878475639341], [-0.005079907960266812, 0.019840038718833473, 0.9997902617042989, 56.69047911754172], [0.0, 0.0, 0.0, 1.0]], [[0.9995779742297483, 0.02741096441043174, 0.009618340025554355, -3.602087852137801], [-0.027201835318585072, 0.9994043124915749, -0.02123865175916264, -0.9194958521166497], [-0.010194782106641528, 0.020968052720805538, 0.9997281666447614, 57.68088772784896], [0.0, 0.0, 0.0, 1.0]], [[0.9996566277313276, 0.024456906756672638, 0.00940671806367711, -3.573873812501758], [-0.02423500229125711, 0.999441176063846, -0.0230217343408885, -0.9498961897397876], [-0.009964501451070053, 0.02278585820235571, 0.9996907088579016, 58.68002724848004], [0.0, 0.0, 0.0, 1.0]], [[0.9996879985065098, 0.02314388972133744, 0.009394999234574248, -3.554037844999264], [-0.022884003807878826, 0.9993765317404705, -0.02688624510997739, -0.9574920092562753], [-0.010011393718081622, 0.02666286208303906, 0.9995943496145636, 59.67980164206041], [0.0, 0.0, 0.0, 1.0]], [[0.9997939291013398, 0.018057935654156605, 0.009274173387322077, -3.5536305057631967], [-0.01777304623160188, 0.999393874749835, -0.029933291502348462, -0.9832169824306864], [-0.00980908520032871, 0.029762293527923683, 0.9995088732630093, 60.67947062641062], [0.0, 0.0, 0.0, 1.0]], [[0.9998281439230883, 0.014646126931689245, 0.011365455785646121, -3.5783977509627567], [-0.014248414606913284, 0.9993093714747316, -0.034318548395448546, -1.0217420824173769], [-0.011860239962870452, 0.03415071153512995, 0.9993463181548564, 61.678421289352556], [0.0, 0.0, 0.0, 1.0]], [[0.9997557869764278, 0.014972440432238708, 0.016253997497512062, -3.710208482400004], [-0.014377187349461584, 0.9992432793744392, -0.03614090631041987, -1.0520849606642424], [-0.01678281499865584, 0.03589839418028412, 0.9992145127128598, 62.669231699315965], [0.0, 0.0, 0.0, 1.0]], [[0.9998305092910988, 0.011059237994031093, 0.014718897570646977, -3.692495307911215], [-0.010547704173732493, 0.9993528698640674, -0.034388768967791944, -1.0849611819604028], [-0.015089685775441964, 0.034227690529435056, 0.9993001383889726, 63.66853414157116], [0.0, 0.0, 0.0, 1.0]], [[0.9998669510408676, 0.009660461233585712, 0.013143656454562301, -3.672039084084955], [-0.00927885306788689, 0.999542379657996, -0.028791216601240874, -1.1279067719686515], [-0.01341577774757207, 0.02866542861829378, 0.9994990295690923, 64.6674020888941], [0.0, 0.0, 0.0, 1.0]], [[0.9998955560261282, 0.006892339216106092, 0.012703255461976568, -3.6340303746772333], [-0.006602551056186632, 0.9997201878331103, -0.02271458470862136, -1.1661618640990687], [-0.012856257223314984, 0.022628339129015556, 0.9996612800936476, 65.66594696543936], [0.0, 0.0, 0.0, 1.0]], [[0.9999044548267271, 0.005634627264534114, 0.012622685659470523, -3.6403507917082774], [-0.005346513425781573, 0.9997270321953066, -0.022743700054212484, -1.1942655767037864], [-0.012747392008011596, 0.02267404035933174, 0.9996616387012044, 66.66553197759454], [0.0, 0.0, 0.0, 1.0]], [[0.9999351407884095, 0.0026881546095372496, 0.01106743155666474, -3.6328794845173062], [-0.0024036296640530283, 0.9996683046131617, -0.02564182747560738, -1.2403364348806338], [-0.011132689398204497, 0.025613563073282285, 0.9996099282287338, 67.66444219943577], [0.0, 0.0, 0.0, 1.0]], [[0.9999250117250935, 0.004822078175602705, 0.011256930693706238, -3.6068115024247396], [-0.00449918161290809, 0.9995826559552689, -0.0285354389878258, -1.311296921807652], [-0.011389832460595982, 0.028482652902737143, 0.9995293943652394, 68.6615806435561], [0.0, 0.0, 0.0, 1.0]], [[0.9999294440609207, 0.004235392503391935, 0.011098123731666522, -3.628619854449524], [-0.003854411740374757, 0.999410046035533, -0.03412775107435418, -1.3277618846246353], [-0.011236120432472173, 0.03408256713394762, 0.999355856647264, 69.66120720896558], [0.0, 0.0, 0.0, 1.0]], [[0.9999130570295355, 0.003229798143838689, 0.012784630843410463, -3.6825357540781245], [-0.0027379439080581274, 0.9992623596130622, -0.0383045731433686, -1.3840558627760824], [-0.01289891608365871, 0.0382662399409412, 0.999184323758459, 70.65816461000415], [0.0, 0.0, 0.0, 1.0]], [[0.9998752999958463, 0.008754742891525896, 0.01314301849363641, -3.71266289324998], [-0.00824893582863025, 0.9992414896214303, -0.03805785696598604, -1.4375574456462625], [-0.013466235795433788, 0.03794469594986303, 0.9991891014931931, 71.65627779820478], [0.0, 0.0, 0.0, 1.0]], [[0.9998394933127323, 0.011997747964947772, 0.013305700128610704, -3.687531190471604], [-0.01153029054921528, 0.9993323277942827, -0.034669165336278694, -1.5013875619658101], [-0.013712767857658044, 0.03451018283107423, 0.9993102657726717, 72.6539220813168], [0.0, 0.0, 0.0, 1.0]], [[0.9997887976784083, 0.014895845726532986, 0.014158877669434, -3.744059705291904], [-0.014432632625226543, 0.9993748805836727, -0.032273009990983946, -1.5573317626202128], [-0.014630760127472263, 0.03206184469369663, 0.9993787965395949, 73.65075444820302], [0.0, 0.0, 0.0, 1.0]], [[0.9997977861227983, 0.013185069396853023, 0.015183570362587497, -3.806853224667346], [-0.01268795882863082, 0.9993949754809132, -0.03238361752909157, -1.5808972057897124], [-0.01560136384285307, 0.03218442131316818, 0.9993601755478244, 74.64850272317406], [0.0, 0.0, 0.0, 1.0]], [[0.9997985776924758, 0.012893818705110534, 0.015380295293212744, -3.7967607014746014], [-0.01239303434326743, 0.9994038782172237, -0.03222267686183236, -1.6365293306082365], [-0.015786599785782354, 0.03202557868460002, 0.9993623695022338, 75.64690303922411], [0.0, 0.0, 0.0, 1.0]], [[0.9998101775305366, 0.01188807448864993, 0.015436404740514819, -3.8772333780314585], [-0.011408274566007947, 0.9994602453783749, -0.03080696641392054, -1.678796302638262], [-0.015794308048476962, 0.030625016532058836, 0.9994061477676032, 76.64276329157934], [0.0, 0.0, 0.0, 1.0]], [[0.9998474567837693, 0.010401630437173333, 0.014031010201705817, -3.844101073531907], [-0.00999288224635645, 0.9995325341890702, -0.028893864435020716, -1.7214171478396125], [-0.014324994150141492, 0.02874924735498362, 0.9994840045338994, 77.64130509183786], [0.0, 0.0, 0.0, 1.0]], [[0.9998529194049003, 0.009602704700206422, 0.014210123853814633, -3.8674010142782143], [-0.009216274656821188, 0.9995925674932146, -0.027014057336476976, -1.7707874878378835], [-0.014463741868475407, 0.026879120403990407, 0.9995340479730888, 78.63981381374126], [0.0, 0.0, 0.0, 1.0]], [[0.999895143977819, 0.008735416391774735, 0.011549612549376247, -3.7609709370585], [-0.008406333756992092, 0.9995657990613016, -0.028240872856805134, -1.8250283189749865], [-0.011791293145533241, 0.028140822448532606, 0.9995344213772105, 79.63265347770252], [0.0, 0.0, 0.0, 1.0]], [[0.9999528538215873, 0.00778684754573055, 0.005801304970820576, -3.585967693799194], [-0.007601558587243682, 0.9994809933205289, -0.03130431756260834, -1.917319208971272], [-0.006042055667677434, 0.03125874343883768, 0.9994930637687949, 80.61288623536424], [0.0, 0.0, 0.0, 1.0]], [[0.999971098748985, 0.007313916615293691, -0.0020756421882902336, -3.2982876818751485], [-0.007375864292290191, 0.9994734500403247, -0.03159777350445847, -2.0213334620068], [0.0018434461140029617, 0.03161217065899682, 0.9994985104404357, 81.56494782846413], [0.0, 0.0, 0.0, 1.0]], [[0.9999423949488294, 0.010514618973098987, -0.0021562865884327057, -3.38257828956713], [-0.010574732341146907, 0.9994917310754201, -0.03007415082392418, -2.0489733709474574], [0.0018389727114888194, 0.03009522127017642, 0.9995453445622484, 82.56100561835197], [0.0, 0.0, 0.0, 1.0]], [[0.9999264548177919, 0.01189406125770121, 0.0023698654651082116, -3.5890362701509333], [-0.011825215940863667, 0.9995598427663707, -0.027208178859072125, -2.0551294868669947], [-0.0026924377652629244, 0.02717815437396938, 0.9996269797798094, 83.53944172630203], [0.0, 0.0, 0.0, 1.0]], [[0.9999029645251302, 0.013587453485365884, 0.0030728881596912153, -3.6314636878298736], [-0.013511754505558525, 0.9996338795415526, -0.023442255925831577, -2.1138486343314735], [-0.0033902833431849744, 0.02339846180183374, 0.999720469913545, 84.53681425538554], [0.0, 0.0, 0.0, 1.0]], [[0.9999085425553454, 0.013363440242473847, 0.0020796609660859375, -3.6166593517300223], [-0.01331143116556554, 0.9996403012212562, -0.02328248214014566, -2.1514156441717347], [-0.002390046641938999, 0.023252670236828824, 0.9997267631727705, 85.53599870273534], [0.0, 0.0, 0.0, 1.0]], [[0.9999230474016321, 0.012249458175884364, 0.001962154283871213, -3.6900538263060256], [-0.012196772799245746, 0.9996149154587247, -0.024925078249347705, -2.2055352218348627], [-0.0022667170599222214, 0.024899228966219263, 0.9996873963348025, 86.53183218304268], [0.0, 0.0, 0.0, 1.0]], [[0.9999233160851992, 0.012276754348515186, 0.0016258080600011565, -3.7083685378363045], [-0.01223004799501565, 0.9995830465071585, -0.02615643441896463, -2.230980199776562], [-0.001946245961457425, 0.02613454564696307, 0.9996565398428018, 87.53134063130493], [0.0, 0.0, 0.0, 1.0]], [[0.9999343752063745, 0.011422768771623312, 0.0008750052742806847, -3.7695640741695713], [-0.011395975720073944, 0.9995928210264482, -0.026159585046040504, -2.2827645288766094], [-0.0011734635488866217, 0.026147897505917145, 0.9996573965310906, 88.52812220433495], [0.0, 0.0, 0.0, 1.0]], [[0.9999343752063745, 0.01142276877164523, 0.0008750052742708019, -3.7895464672580523], [-0.011395975720095966, 0.999592821026448, -0.02615958504603848, -2.3042142799685315], [-0.0011734635488773483, 0.026147897505915188, 0.9996573965310908, 89.52769241359569], [0.0, 0.0, 0.0, 1.0]], [[0.9999567344204406, 0.009113444452857123, 0.0018639789204355406, -3.8580491598613946], [-0.009064814247898949, 0.9996558513692811, -0.024617229044217762, -2.330706999729612], [-0.0020876848496644107, 0.02459926805822514, 0.9996952123437255, 90.52499152459177], [0.0, 0.0, 0.0, 1.0]], [[0.9999339292746339, 0.011235189344635766, 0.0024305566816480552, -3.913517655156796], [-0.011180695359495011, 0.9997089268491729, -0.021378812627483486, -2.3932921201741415], [-0.002670043886749498, 0.021350225516140336, 0.9997684925701804, 91.52148855200478], [0.0, 0.0, 0.0, 1.0]], [[0.9999643544116464, 0.008363148788294245, 0.0011608826148910242, -3.932532820353019], [-0.008337778547048903, 0.999757831513103, -0.020365651895435044, -2.454693925158325], [-0.0013309221277006433, 0.020355247482810736, 0.9997919246254202, 92.51942053165925], [0.0, 0.0, 0.0, 1.0]], [[0.9999696455839737, 0.007701016751574581, 0.0011841670726605283, -4.049489104708332], [-0.007675478130547497, 0.9997656934015982, -0.02023969695170501, -2.4851706788970302], [-0.0013397555243237456, 0.020229994254016045, 0.9997944550694486, 93.51208987066765], [0.0, 0.0, 0.0, 1.0]], [[0.999969317808979, 0.007821093841779512, -0.00044037684446913234, -4.1182885937906875], [-0.007828377050253283, 0.9997665275662205, -0.020139683983343894, -2.5486445291722273], [0.000282760005578834, 0.020142514204698796, 0.9997970789956784, 94.5076990794704], [0.0, 0.0, 0.0, 1.0]], [[0.9999742965489904, 0.006815692457148829, -0.002225438761946409, -4.224234507813982], [-0.006859799347784705, 0.9997672835591258, -0.02045291856246552, -2.591763232804016], [0.002085520399018143, 0.02046765962990406, 0.9997883403570665, 95.50113565105642], [0.0, 0.0, 0.0, 1.0]], [[0.9999434422376282, 0.008334218841821055, -0.00660705095048488, -4.173775927142829], [-0.008470029860514665, 0.9997477535110441, -0.020801152463052835, -2.6468653153152384], [0.006432023323165898, 0.0208559386304202, 0.9997618010805437, 96.49834059605456], [0.0, 0.0, 0.0, 1.0]], [[0.999886462104485, 0.00937066659911548, -0.011800572344891819, -4.143038635346787], [-0.009587690947075803, 0.9997834306769847, -0.018470731606254724, -2.7177206105864773], [0.011624933969262926, 0.018581775434444732, 0.9997597604084253, 97.49535352553175], [0.0, 0.0, 0.0, 1.0]], [[0.9998531017017244, 0.009380983102611831, -0.014344761185611492, -4.153629769270758], [-0.009629087765373804, 0.9998035308097867, -0.01732571640939912, -2.7301562061326874], [0.014179410963138435, 0.01746129897113337, 0.9997469916648796, 98.49522011219007], [0.0, 0.0, 0.0, 1.0]], [[0.9998277801310285, 0.008865482292029039, -0.016303781830973366, -4.182423325247332], [-0.009113823962768651, 0.9998426102176302, -0.015221465303315829, -2.7723711676468152], [0.016166270485570487, 0.015367434377504345, 0.9997512158828507, 99.49391366899529], [0.0, 0.0, 0.0, 1.0]], [[0.9997519737664747, 0.011769078766769114, -0.018907134500550888, -4.201521038651081], [-0.0120356742728656, 0.9998288708658117, -0.014048897750432025, -2.8095764449968654], [0.018738556687051575, 0.014272974083913573, 0.9997225358588673, 100.49303879581646], [0.0, 0.0, 0.0, 1.0]], [[0.9996265568666098, 0.014828390309404901, -0.02295355414399113, -4.2136286575668835], [-0.01514887445314042, 0.9997892954344649, -0.013851943454554004, -2.834208805277545], [0.022743316031257715, 0.014194491768776166, 0.9996405643926854, 101.49266205464733], [0.0, 0.0, 0.0, 1.0]], [[0.9995596764258827, 0.016691586350738207, -0.024532513293254603, -4.332518387230101], [-0.017059256718678875, 0.9997441230512012, -0.014854971719932976, -2.882141786355127], [0.02427828327402964, 0.015266937885927603, 0.9995886581833808, 102.4844118505668], [0.0, 0.0, 0.0, 1.0]], [[0.9994603470613562, 0.018605653707896356, -0.02707109717204814, -4.3998654621355975], [-0.01909335954831409, 0.9996579916682905, -0.01787017948673709, -2.946164169189781], [0.026729352587179303, 0.01837741470213914, 0.9994737677093554, 103.48008524352683], [0.0, 0.0, 0.0, 1.0]], [[0.9993487912840597, 0.020546877219944013, -0.029661746334312525, -4.504909687851128], [-0.021193601540861473, 0.9995408169269354, -0.021656097311634908, -2.9794840313478343], [0.029203161315559216, 0.02227063462430901, 0.9993253695381733, 104.47399444343111], [0.0, 0.0, 0.0, 1.0]], [[0.9992759606252251, 0.02194578058319652, -0.031079530741819628, -4.557607106092176], [-0.022740985180261467, 0.9994169431589209, -0.02546804507454236, -2.9471323655816875], [0.030502493804193138, 0.026156385074688832, 0.9991923945825189, 105.47208080125199], [0.0, 0.0, 0.0, 1.0]], [[0.9992204753028286, 0.023877053801057566, -0.03143768498750085, -4.659936243036548], [-0.02467769288644874, 0.9993744886984652, -0.02533066940478206, -3.033567574686358], [0.03081319892713266, 0.026086733777766106, 0.9991846821747637, 106.46306905800543], [0.0, 0.0, 0.0, 1.0]], [[0.9991797313408822, 0.025047620156091865, -0.03181950977122664, -4.528351252855165], [-0.025813389589213878, 0.9993813344276513, -0.02388759752535861, -3.099766079803912], [0.03120149698900266, 0.024689373400631858, 0.9992081371900093, 107.45216115777825], [0.0, 0.0, 0.0, 1.0]], [[0.9991984745039391, 0.02905654706208313, -0.027534081096582865, -4.619594060157811], [-0.02965970630747745, 0.999323245171808, -0.02175668819125499, -3.1858410134493944], [0.026883273359439363, 0.022555903131658697, 0.9993840707392707, 108.44426289632571], [0.0, 0.0, 0.0, 1.0]], [[0.9993288293337793, 0.030057157979195302, -0.020939391504886995, -4.723815397546941], [-0.030519951461230054, 0.9992888316230557, -0.0221441539970075, -3.14036917113763], [0.020258910055766837, 0.022768361425017817, 0.9995354812518518, 109.43777698248715], [0.0, 0.0, 0.0, 1.0]], [[0.9994406162683082, 0.030867045402782057, -0.012871676710124978, -4.817275803985184], [-0.031132922700278738, 0.9992947424565857, -0.020994256899818486, -3.144865967907343], [0.012214568500660383, 0.021383246692613794, 0.9996967345536466, 110.43338981416457], [0.0, 0.0, 0.0, 1.0]], [[0.999563848746513, 0.029342064212928568, -0.0033399920337070623, -4.870349226657235], [-0.029398164270652206, 0.9994018510072252, -0.018212307400716846, -3.1839657506325887], [0.002803607847452875, 0.018302554436565855, 0.9998285634468205, 111.43121465776869], [0.0, 0.0, 0.0, 1.0]], [[0.9995226177829053, 0.02943678305082178, 0.00938148943557484, -4.925082584365701], [-0.029266636018970376, 0.9994134047396164, -0.017785118580180278, -3.2313565147474708], [-0.009899522655600328, 0.01750206436633612, 0.9997978181583047, 112.4285904070848], [0.0, 0.0, 0.0, 1.0]], [[0.9993386012651805, 0.028806737097717684, 0.022193060157140038, -4.841217981634646], [-0.02840781928714747, 0.9994327985680344, -0.018085268862419818, -3.266424924693084], [-0.02270144948663693, 0.017442851568023266, 0.9995901115559218, 113.42445030474595], [0.0, 0.0, 0.0, 1.0]], [[0.9988013445748096, 0.029712589600798055, 0.03889776465003506, -4.924068462935087], [-0.02899735764688514, 0.9994022184272365, -0.01882442700926627, -3.317610645341822], [-0.03943383443744147, 0.017673931336691855, 0.9990658661232826, 114.41969690248384], [0.0, 0.0, 0.0, 1.0]], [[0.9979664198170362, 0.029417550856990708, 0.05654761373520799, -4.854691671565914], [-0.02816589591591178, 0.9993430756028054, -0.022805691219300865, -3.3152472063146345], [-0.057181353489246266, 0.02116660053688447, 0.9981394030068388, 115.41728462875521], [0.0, 0.0, 0.0, 1.0]], [[0.9963886889050353, 0.029110622982204983, 0.07976310081544509, -4.978833315375676], [-0.026928427060394954, 0.9992367193332284, -0.02829909101420736, -3.3285186432050144], [-0.08052602303141097, 0.026049000072314563, 0.9964120679768869, 116.40946038777511], [0.0, 0.0, 0.0, 1.0]], [[0.9943843560780881, 0.03009494148706153, 0.10145958251470698, -4.713912532746625], [-0.026735416564630996, 0.9990535391525521, -0.03431098086453846, -3.333540242779184], [-0.10239614163377232, 0.03140573913247634, 0.9942478110250274, 117.37371749185938], [0.0, 0.0, 0.0, 1.0]], [[0.9912497355365882, 0.027094999316357213, 0.12918909710456333, -4.6346172221635165], [-0.022345581383599038, 0.9990251102276642, -0.03807235384427066, -3.3374410354184185], [-0.13009472205445408, 0.034852405917210845, 0.9908888298368066, 118.37056101619366], [0.0, 0.0, 0.0, 1.0]], [[0.9869317716623384, 0.02484519794378042, 0.15921179046343936, -4.433417340594576], [-0.01872885383727617, 0.9990320219917234, -0.03980262640934875, -3.371763663237681], [-0.16004658076030256, 0.036300622966515664, 0.986441765518461, 119.34950971952419], [0.0, 0.0, 0.0, 1.0]], [[0.9820911191746083, 0.022177252672521255, 0.1870967746976613, -4.099231122684086], [-0.014604741671101344, 0.9990211025098208, -0.04175569734531325, -3.4606054393421544], [-0.18783965246061302, 0.03827540019518509, 0.981453645723207, 120.2878202860135], [0.0, 0.0, 0.0, 1.0]], [[0.9746203667824916, 0.020004363298019797, 0.22296853164024094, -3.810856695296864], [-0.010598291113121626, 0.999005777167962, -0.04330281065390671, -3.510970416841475], [-0.2236130960666761, 0.039840716513448796, 0.9738633890721893, 121.24401251534822], [0.0, 0.0, 0.0, 1.0]], [[0.9651918680796333, 0.01581648236290764, 0.2610641619958888, -3.4713480433388657], [-0.004673890153562519, 0.9990534664899912, -0.043247264019519484, -3.6298531894888306], [-0.2615010752811718, 0.0405217230493517, 0.9643522061922721, 122.17707241322121], [0.0, 0.0, 0.0, 1.0]], [[0.9549986470875689, 0.013286456530532152, 0.29631242655983836, -2.9572404501500507], [-0.00041273169239710444, 0.9990547886982605, -0.043466755476268465, -3.7356665719596367], [-0.29660986753727153, 0.041388395860187874, 0.9541014553849306, 123.0282462723131], [0.0, 0.0, 0.0, 1.0]], [[0.9541804118213238, 0.013470205033299798, 0.29892857888273916, -1.972922950448806], [0.0005984472682300459, 0.9988983667830418, -0.04692221967307124, -3.71756238612745], [-0.299231320824621, 0.04495115659895906, 0.9531211938457609, 123.20372081743486], [0.0, 0.0, 0.0, 1.0]], [[0.9414575327822968, 0.014424893072833329, 0.3368228561533674, -1.361068790286729], [0.0018852474693248802, 0.9988433309840427, -0.04804629008249151, -3.7334849899377174], [-0.33712632586645874, 0.045868536874174075, 0.9403413836117207, 123.99453111793008], [0.0, 0.0, 0.0, 1.0]], [[0.9251952919444913, 0.01659959902558014, 0.3791281116930542, -0.8060295915155943], [0.002501215469152906, 0.9987544395633295, -0.049832854360612834, -3.6800954623161832], [-0.3794830898001752, 0.0470534040536251, 0.924001386212531, 124.82464017504232], [0.0, 0.0, 0.0, 1.0]], [[0.9064068922438062, 0.016965001496082422, 0.42206484622290746, -0.2225717374281735], [0.004462230754095344, 0.998752829626312, -0.04972799825191332, -3.6643312785325026], [-0.4223820947034608, 0.04695715180745701, 0.9052007467783314, 125.63663057253193], [0.0, 0.0, 0.0, 1.0]], [[0.8853025634703201, 0.0160299686587457, 0.4647390786427189, 0.40301333060048083], [0.008420751257580275, 0.9986891540020426, -0.050488262269091956, -3.6724267932381043], [-0.46493920223536495, 0.04861084090994899, 0.884007083891736, 126.4167445326676], [0.0, 0.0, 0.0, 1.0]], [[0.8634406307906245, 0.016804915676765012, 0.5041704790137846, 1.1167798998024385], [0.01086268055387372, 0.9985938129728263, -0.051888330707264986, -3.746712563700254], [-0.5043334997467397, 0.05027913657200255, 0.862043925481051, 127.11317752719647], [0.0, 0.0, 0.0, 1.0]], [[0.8339747978222233, 0.020017094333453393, 0.551439346194875, 1.6252314805479737], [0.011638534579453108, 0.9984814098617788, -0.05384625031780337, -3.8444111733192496], [-0.5516797810214077, 0.0513243623396788, 0.8324753624237763, 127.9687077457191], [0.0, 0.0, 0.0, 1.0]], [[0.8077678117456705, 0.02406497975606599, 0.5890093709415453, 2.3979040357055523], [0.013114183197810493, 0.9981855612439738, -0.05876736784234112, -3.875340446180186], [-0.5893548847439501, 0.05519476563922956, 0.8059865741279296, 128.60275862180126], [0.0, 0.0, 0.0, 1.0]], [[0.7760794053725746, 0.0297625657883856, 0.6299324933945276, 3.124688503370489], [0.012696830388480771, 0.9979458223774365, -0.0627927232847712, -3.922048832585609], [-0.6305073724470269, 0.056730286094578856, 0.7741073103450025, 129.28803421902933], [0.0, 0.0, 0.0, 1.0]], [[0.7183066176457832, 0.01922819596255686, 0.6954609115732557, 3.0906293133844684], [0.017901927123227517, 0.9987762085067099, -0.04610429834891287, -4.3811787399483135], [-0.6954963146514744, 0.04556711388016351, 0.7170833385589506, 130.17575023104237], [0.0, 0.0, 0.0, 1.0]], [[0.6795786096633359, 0.018888653025865364, 0.7333594835242258, 3.9023640704942357], [0.02005846370237327, 0.9988162930428588, -0.04431332515206004, -4.470630605018601], [-0.7333284195787277, 0.044824453195557154, 0.6783953105924931, 130.75288544820614], [0.0, 0.0, 0.0, 1.0]], [[0.638398009212169, 0.016797381191765087, 0.769523118443521, 4.728893625698046], [0.025637078517616194, 0.9987430919458667, -0.043069438068089355, -4.476495305646156], [-0.7692793521711327, 0.04722376884654661, 0.6371649660638058, 131.31574820552143], [0.0, 0.0, 0.0, 1.0]], [[0.5952838543576111, 0.015224402983310707, 0.803371240644667, 5.60921488230986], [0.025764955675574287, 0.9989446896287993, -0.038022021533147654, -4.53934997242863], [-0.8031022969992391, 0.043332720651902794, 0.5942633893110453, 131.78594367464882], [0.0, 0.0, 0.0, 1.0]], [[0.5500478686917288, 0.01339153390873827, 0.8350257534754608, 6.510271119946104], [0.029025742281825417, 0.9989607882143525, -0.035140431061082375, -4.5374416764691965], [-0.8346285689370389, 0.043566162245450867, 0.5490875535115636, 132.2196417381238], [0.0, 0.0, 0.0, 1.0]], [[0.5003094540537243, 0.012715947521169385, 0.8657532875265948, 7.388165602018198], [0.03232151655938419, 0.9989209619548094, -0.03335013245235562, -4.498720558905029], [-0.8652431851320883, 0.044667846495058894, 0.49935860268145277, 132.6969277652901], [0.0, 0.0, 0.0, 1.0]], [[0.4501515907422002, 0.00876239874484392, 0.8929091587168914, 8.323442740777727], [0.03632