{"poses": [[[1.0, 9.04368e-12, 2.326809e-11, 5.551115e-17], [9.043683e-12, 1.0, 2.39237e-10, 3.330669e-16], [2.32681e-11, 2.39237e-10, 0.9999999, -4.440892e-16], [0.0, 0.0, 0.0, 1.0]], [[0.9999828188357797, -0.004027096839187002, -0.0042596389866390565, 0.059567228374228426], [0.0040216632552270565, 0.9999910895164045, -0.0012833987906109186, -0.03821882685069259], [0.0042647690243914835, 0.0012662462583901762, 0.9999900041328371, 0.9974922830814233], [0.0, 0.0, 0.0, 1.0]], [[0.9999512222961339, -0.001636184419478891, -0.009740427558073507, 0.11333975693064743], [0.0015974865076791708, 0.9999908062654926, -0.003979374492002252, -0.033108971533173236], [0.009746848070324965, 0.003963620267680097, 0.9999445427957879, 1.9960323198891672], [0.0, 0.0, 0.0, 1.0]], [[0.9999428608981812, -1.7990174919866808e-05, -0.010689930547736858, -0.03926234126021019], [-2.9953900523173106e-05, 0.9999899427850617, -0.004484800050417446, -0.06550329799988777], [0.010689902696673834, 0.0044848640280687425, 0.9999327037231031, 2.983788877704731], [0.0, 0.0, 0.0, 1.0]], [[0.9999350765193564, -0.00022505995098877693, -0.011392633332490203, -0.2624791537044997], [0.00015707201332458817, 0.9999821774707506, -0.005968255125107903, -0.05008614051587421], [0.011393772409386292, 0.005966078063204323, 0.9999171905027119, 3.9584356733916333], [0.0, 0.0, 0.0, 1.0]], [[0.9998628002191883, 2.1474563111600255e-06, -0.016564441832834596, -0.1970663574857353], [-0.00010037522086229286, 0.9999824170440841, -0.005929209684769332, -0.07705926450614731], [0.01656413623833331, 0.00593005874346736, 0.999845119903071, 4.9559292475482115], [0.0, 0.0, 0.0, 1.0]], [[0.9998620231766351, 0.0015969929163376642, -0.01653433466316824, -0.30478199660345856], [-0.0017018934890819007, 0.9999785026389252, -0.006332283834795608, -0.10435800100060293], [0.01652386499950627, 0.0063595496454799255, 0.9998431467054192, 5.9497360274762885], [0.0, 0.0, 0.0, 1.0]], [[0.9995443394202362, 0.0058123134478682646, -0.029619766125848133, -0.10275864357382739], [-0.005990496220561465, 0.9999644710032243, -0.005930487861319771, -0.16371065660078093], [0.029584240996148575, 0.006105222537018462, 0.9995435452957839, 6.927316528492662], [0.0, 0.0, 0.0, 1.0]], [[0.9992962187138623, 0.003570527589020364, -0.03734057574429144, -0.16725048515422591], [-0.0037132937828752155, 0.9999860567423635, -0.003754699740384375, -0.16770195147948086], [0.037326645148073934, 0.0038907138702942248, 0.9992954437540376, 7.925226688576039], [0.0, 0.0, 0.0, 1.0]], [[0.9990290814356793, 0.0026698447909798083, -0.04397461056766063, -0.027025919290879302], [-0.0026488367049634642, 0.9999963481806586, 0.0005359938966075628, -0.2450990136426808], [0.043975876648475694, -0.0004189914071293801, 0.9990324052397942, 8.912316650349723], [0.0, 0.0, 0.0, 1.0]], [[0.9988901969336561, 0.0011851964932488447, -0.04708470854870542, -0.1622077970651744], [-0.0010467477208330525, 0.9999950566344777, 0.002964966410599225, -0.24861903099264554], [0.047087985196757796, -0.0029123893006599887, 0.9988863997666005, 9.903131091402189], [0.0, 0.0, 0.0, 1.0]], [[0.9988003793021453, 0.0017003457198358622, -0.04893782923593937, -0.32653814370440093], [-0.00160908817199318, 0.999996892613579, 0.001904100428147027, -0.2298134034227628], [0.048940909947825156, -0.0018230702868174142, 0.9987999117682268, 10.889357079663498], [0.0, 0.0, 0.0, 1.0]], [[0.9983882083045283, 0.0048238950255199255, -0.0565483470603587, -0.0014835945539390938], [-0.0046669008728149955, 0.9999848816366624, 0.002908012096541008, -0.3161195620742918], [0.05656151447506435, -0.002639418713908205, 0.9983955271079438, 11.831105793026378], [0.0, 0.0, 0.0, 1.0]], [[0.9984495389956297, 0.004766862231555339, -0.05545985127893856, -0.06257421915038715], [-0.0046632746319101295, 0.999987132734232, 0.001997056753500245, -0.34515254111415117], [0.055468651854072085, -0.0017353352250989637, 0.998458821020255, 12.82881557459771], [0.0, 0.0, 0.0, 1.0]], [[0.9980531608946338, 0.008076072169559828, -0.06184387671018967, -0.012063806933842146], [-0.007881228460496359, 0.9999631832774925, 0.0033938661577998593, -0.4032099068146444], [0.061869002785139765, -0.0028998523563925774, 0.9980799654089311, 13.825850102667829], [0.0, 0.0, 0.0, 1.0]], [[0.9979761365033752, 0.004341037228516645, -0.06344120400481039, -0.10948642609363679], [-0.004138952807757613, 0.9999859349925899, 0.0033164569423601957, -0.3930820632037291], [0.06345470226585004, -0.0030471639533878516, 0.9979799675104721, 14.821041569142638], [0.0, 0.0, 0.0, 1.0]], [[0.9979448006691796, 0.0007907844374998544, -0.06407456185826688, -0.26314330609934944], [-0.0007560844176789715, 0.9999995541017888, 0.0005658025940731636, -0.34547215024494704], [0.0640749743540006, -0.0005161934490398276, 0.997944853789961, 15.808018096873253], [0.0, 0.0, 0.0, 1.0]], [[0.9978220931919187, 0.0023246823705809733, -0.06592166707523464, -0.3184541924279429], [-0.0024722688010388287, 0.9999946168991309, -0.002157326988244405, -0.3558913331965485], [0.06591629056585581, 0.0023156048589511383, 0.9978223692682905, 16.80643280752037], [0.0, 0.0, 0.0, 1.0]], [[0.9975834633310994, 0.00929705297556769, -0.06885345666197687, -0.18010559804814374], [-0.009536093685719393, 0.9999495882847306, -0.003143852161541589, -0.4242138984221074], [0.06882075024081573, 0.003792848040423597, 0.9976217312388717, 17.79445683781112], [0.0, 0.0, 0.0, 1.0]], [[0.9976882885534536, 0.002152281619174155, -0.06792235690195692, -0.3315801305817225], [-0.0022260803127812853, 0.9999970113732525, -0.0010108466762908327, -0.3919939474557961], [0.06791997153402822, 0.0011597108745574995, 0.9976899982146331, 18.78239263008748], [0.0, 0.0, 0.0, 1.0]], [[0.9974825222529579, 0.00398096382479014, -0.0708009161445507, -0.316397174908207], [-0.003955068254300891, 0.9999920507005482, 0.0005059355838587681, -0.43828560357192536], [0.07080236040241315, -0.00022463894534671994, 0.9974902381972472, 19.781205108279345], [0.0, 0.0, 0.0, 1.0]], [[0.9960122661625466, 0.0076047631567432, -0.08889169382502868, -0.1108073428368555], [-0.007264919475011925, 0.9999650150526307, 0.004146036156629933, -0.5062933814322723], [0.08892010472767171, -0.003483711043137238, 0.9960325691123748, 20.757477401068495], [0.0, 0.0, 0.0, 1.0]], [[0.9960019524978648, 0.008592044304786862, -0.0889173064994119, -0.24877228435743753], [-0.008269802809519075, 0.9999578369608064, 0.003991824414394152, -0.5136835219385427], [0.08894784655536556, -0.0032405355167532783, 0.9960309129353051, 21.747886843338275], [0.0, 0.0, 0.0, 1.0]], [[0.9959513076355725, 0.005682641061747494, -0.08971454959794023, -0.40825243551604684], [-0.005377012646578061, 0.9999788897078031, 0.003647995853318955, -0.5000033862196427], [0.08973337701904895, -0.003150829178779707, 0.9959607388467947, 22.734993092994927], [0.0, 0.0, 0.0, 1.0]], [[0.9959259625975599, 0.004545638134293832, -0.09006005883897764, -0.500963091414206], [-0.004210960461749557, 0.9999835060589195, 0.0039058190048603236, -0.5242032460709675], [0.090076318870186, -0.003510666375448304, 0.995928577760678, 23.730391958293197], [0.0, 0.0, 0.0, 1.0]], [[0.9956639234735412, 0.009174819500752534, -0.09256983407356618, -0.5046520974653703], [-0.00869064491073705, 0.9999463744313225, 0.005632135712799804, -0.5576922839154865], [0.09261653457266154, -0.004803221824764011, 0.9956901659571935, 24.729824140390008], [0.0, 0.0, 0.0, 1.0]], [[0.9955841456532161, 0.009898271685284822, -0.0933500569984021, -0.6547481152647456], [-0.00921278725177584, 0.9999273633797515, 0.0077712621543025336, -0.5358659304037553], [0.09342018912980488, -0.006876930010877181, 0.9956029208959699, 25.718254516863347], [0.0, 0.0, 0.0, 1.0]], [[0.9955095329110976, 0.014812106314431356, -0.09349530143094703, -0.7619040021057717], [-0.013829455940167256, 0.9998422063861808, 0.011149371157663868, -0.5679449520522505], [0.09364568481552583, -0.009806314661946171, 0.9955571916812175, 26.71197900466767], [0.0, 0.0, 0.0, 1.0]], [[0.9957606990701323, 0.006289243950824715, -0.09176641868293772, -0.9512426667766445], [-0.005072565193701289, 0.999896197742323, 0.013485652479645198, -0.49958971178970324], [0.09184169853952019, -0.012962989824169779, 0.9956891398946787, 27.691508612552454], [0.0, 0.0, 0.0, 1.0]], [[0.9961067092454354, 0.01141942340268417, -0.08741293133961546, -1.1961263782675537], [-0.010191359979255358, 0.9998431855811989, 0.014482417913260132, -0.5514147506373068], [0.0875645958786553, -0.013535175166921919, 0.9960667852015842, 28.659674893726976], [0.0, 0.0, 0.0, 1.0]], [[0.9963330196982041, 0.0071231484064304745, -0.08526297329933179, -1.347897435774898], [-0.006181486177003032, 0.9999170107989933, 0.011303129807721765, -0.49753377716150116], [0.08533640277414573, -0.010734628010278784, 0.9962942668323751, 29.646620787012957], [0.0, 0.0, 0.0, 1.0]], [[0.9963343431429216, 0.011253197777500262, -0.08480119228966045, -1.4147242471374517], [-0.010806054791485078, 0.9999251952317643, 0.005730019246231463, -0.5044097080428669], [0.08485932135123325, -0.004792647673397565, 0.9963813156157119, 30.644361586519278], [0.0, 0.0, 0.0, 1.0]], [[0.9964606006161818, 0.010710228994151721, -0.08337603021573564, -1.5394454670571314], [-0.0105092331225328, 0.9999407172031326, 0.0028492276956292245, -0.5062376062053696], [0.08340159503373133, -0.001962924327273199, 0.9965139842841769, 31.636551626133052], [0.0, 0.0, 0.0, 1.0]], [[0.9962136158027641, 0.007995707191240639, -0.08657078234427384, -1.5823337324761362], [-0.007554003984983983, 0.9999567326361302, 0.005428616717875927, -0.5400676896545085], [0.08661043366616382, -0.004754104900274022, 0.9962308122452178, 32.63505846135705], [0.0, 0.0, 0.0, 1.0]], [[0.9963816696401294, 0.006796266417096389, -0.0847194143507914, -1.7576552822101075], [-0.0059685354329180665, 0.9999319885774955, 0.01001972076663013, -0.5281962967874212], [0.08478174071999861, -0.009477813853834229, 0.9963543684277442, 33.61949801394383], [0.0, 0.0, 0.0, 1.0]], [[0.9963096102365266, 0.004312856193037931, -0.08572374129611696, -1.7984465029111962], [-0.0030897001823240074, 0.9998915966308033, 0.014396136283279976, -0.5984416821997746], [0.08577652848649674, -0.014078146383756186, 0.9962148327319831, 34.6161932840032], [0.0, 0.0, 0.0, 1.0]], [[0.9962340142509163, -0.004217382588548949, -0.08660255500625802, -1.8877071003738457], [0.005423988959697074, 0.9998914103799463, 0.01370210904083117, -0.5957098240478977], [0.08653535522703772, -0.014120236505436253, 0.996148609002076, 35.6121977427399], [0.0, 0.0, 0.0, 1.0]], [[0.9962704397123212, -0.00599505977882798, -0.08607711782855954, -2.036926968944994], [0.006944686146818665, 0.9999182400085846, 0.010737068149965372, -0.6268717288109819], [0.08600570224784979, -0.01129480056709247, 0.9962305188363852, 36.60051053700517], [0.0, 0.0, 0.0, 1.0]], [[0.9963192562019546, -0.006007579743086193, -0.08550934865159271, -2.2388011163184163], [0.006707309522588674, 0.9999463142887567, 0.00789813517857375, -0.6413676269557709], [0.08545730084832773, -0.008442600512550785, 0.9963059631600694, 37.579814633196825], [0.0, 0.0, 0.0, 1.0]], [[0.9963700787114766, -0.003558906777645667, -0.08505292723380682, -2.372528717944451], [0.00422223856456619, 0.9999620501040529, 0.007620436549407485, -0.6542287767429015], [0.0850225706069126, -0.007951887440465103, 0.9963471934890653, 38.57074920389755], [0.0, 0.0, 0.0, 1.0]], [[0.996168572703794, -0.003839487710173914, -0.08736952037990475, -2.4919191368439177], [0.0044479579675794825, 0.9999671859996894, 0.006770715898746116, -0.6020460918118821], [0.08734064867037289, -0.0071333891557147965, 0.9961528626917667, 39.562224208109065], [0.0, 0.0, 0.0, 1.0]], [[0.996305661632667, -0.0029268281876425875, -0.08582809723778559, -2.7102053608300256], [0.0037719201243847553, 0.9999459773199322, 0.009685817480292933, -0.6023838464104609], [0.08579510331898277, -0.009973770044675543, 0.9962627786671502, 40.53810884038514], [0.0, 0.0, 0.0, 1.0]], [[0.9962198359176908, -0.008329698996609602, -0.08646765082248806, -2.9275002248817144], [0.00931133773048484, 0.9998966320278684, 0.010955557904331632, -0.575441041381013], [0.08636744775115406, -0.011719271947443724, 0.9961943197157792, 41.51384283477736], [0.0, 0.0, 0.0, 1.0]], [[0.9960792430596446, -0.006446147931246953, -0.08823031634635958, -2.9912624693553123], [0.007649441857351297, 0.9998822008469915, 0.013306782806094375, -0.5674451561141808], [0.08813413663596614, -0.01392952094892897, 0.9960111156034237, 42.51177581995041], [0.0, 0.0, 0.0, 1.0]], [[0.996171066774466, -0.004687368506435353, -0.08729968097257147, -3.138918853389081], [0.006171125723536175, 0.9998409323601026, 0.016734012805831578, -0.592284882448799], [0.08720734726231796, -0.0172086744960598, 0.9960414349340937, 43.50050247372299], [0.0, 0.0, 0.0, 1.0]], [[0.9961888851784063, -0.0008074147662189344, -0.08721842195548511, -3.297356479458492], [0.0024128401952146724, 0.9998295728632348, 0.018303098926537312, -0.5533350501961698], [0.08718877070585232, -0.018443785506459046, 0.9960209561244202, 44.48710282109273], [0.0, 0.0, 0.0, 1.0]], [[0.9960427404727453, -0.004367155367846286, -0.08876816493282838, -3.2985008386476733], [0.005969375642200367, 0.9998238893761805, 0.01779204280373133, -0.5104792331871538], [0.0886748224824163, -0.018251523291048777, 0.9958932963702878, 45.48618333272416], [0.0, 0.0, 0.0, 1.0]], [[0.9955441959862951, -0.007401899277967501, -0.094005136695211, -3.177281509149935], [0.008781851308028416, 0.9998595512732528, 0.014274341149558344, -0.42645764286868554], [0.0938862672199095, -0.01503627463392738, 0.9954692759059189, 46.475246558490156], [0.0, 0.0, 0.0, 1.0]], [[0.9950842354141777, -0.002870655050355519, -0.09899052363619658, -3.0509459742468983], [0.00417542127036295, 0.9999070894732626, 0.012976065594962411, -0.4555049678865301], [0.09894406672016795, -0.013325603638344036, 0.9950036683090964, 47.46680865003617], [0.0, 0.0, 0.0, 1.0]], [[0.995084235414178, -0.0028706550503862136, -0.09899052363619028, -3.1661423195626033], [0.004175421270394405, 0.9999070894732626, 0.012976065594970878, -0.4609883526758169], [0.09894406672016116, -0.013325603638355563, 0.9950036683090969, 48.460136157332094], [0.0, 0.0, 0.0, 1.0]], [[0.9951044314980079, -0.007006715503051354, -0.09858030407180983, -3.355029759692503], [0.008326126244880522, 0.9998811023479345, 0.012979090462597868, -0.4217873446005985], [0.09847763251328465, -0.013736340641378351, 0.9950443552125562, 49.44135204491436], [0.0, 0.0, 0.0, 1.0]], [[0.994446610821646, -0.0023609310441840624, -0.10521579838575186, -3.266851541897165], [0.003819445077758552, 0.9998993650205521, 0.013662784152477963, -0.44075205446996496], [0.10517294263559869, -0.013988773480871148, 0.9943554527199411, 50.43727611321574], [0.0, 0.0, 0.0, 1.0]], [[0.9935421644912281, 0.0037939112695105676, -0.1134000600324749, -3.1413036083505665], [-0.0025232863182838815, 0.9999324457193541, 0.011346233906866196, -0.50005574793051], [0.1134354346791642, -0.010986819397377088, 0.9934845202410995, 51.42758951444816], [0.0, 0.0, 0.0, 1.0]], [[0.9932607395000113, 0.007914063735259056, -0.11563075267025602, -3.18342839528809], [-0.007133152156981173, 0.9999488838931613, 0.007165733816517079, -0.5321334536971984], [0.11568154062513737, -0.006292629208748346, 0.9932663207701372, 52.42618668558965], [0.0, 0.0, 0.0, 1.0]], [[0.9933750926874354, 0.015270644362116177, -0.11389790449784289, -3.303372297143178], [-0.014725931592547866, 0.9998757603625602, 0.005622346318667067, -0.578718951662862], [0.11396959935681727, -0.003907845175345633, 0.993476451240059, 53.41787365769508], [0.0, 0.0, 0.0, 1.0]], [[0.9936522524802637, 0.015786724922034926, -0.11138213706487668, -3.463483988636177], [-0.014865274393310682, 0.9998481086541947, 0.009098529433102926, -0.5895387150247346], [0.11150884395177776, -0.007385047017835625, 0.9937358999256751, 54.40491316531065], [0.0, 0.0, 0.0, 1.0]], [[0.9938546024949123, 0.01381237023546662, -0.10982826379472077, -3.61840384009534], [-0.012583164639841797, 0.99985028532731, 0.011877327079243107, -0.585045119999106], [0.10997586397382253, -0.01042234753632466, 0.993879511819744, 55.39282988210391], [0.0, 0.0, 0.0, 1.0]], [[0.994126673441598, 0.013314960538457526, -0.10740050734426851, -3.816572130489978], [-0.012081004322271646, 0.9998534237805614, 0.012131788361904622, -0.6049030722350469], [0.10754628855308805, -0.010763026858349536, 0.9941417167945986, 56.37279661582292], [0.0, 0.0, 0.0, 1.0]], [[0.9942679660215604, 0.010990323135329006, -0.10635047973908869, -3.97389980424935], [-0.009863141092139673, 0.9998895377862895, 0.011118933101732438, -0.6034080317797735], [0.10646092209283257, -0.010006247732946673, 0.9942664366624574, 57.36034184668085], [0.0, 0.0, 0.0, 1.0]], [[0.9944645216713827, 0.006198794986733001, -0.10488989502151803, -4.2021744014657765], [-0.005202057082789471, 0.9999387056141641, 0.00977361840778005, -0.5821381551138668], [0.10494404006599517, -0.009173872137459424, 0.9944357136208666, 58.33370617207646], [0.0, 0.0, 0.0, 1.0]], [[0.9943350076937831, 0.00400141783865772, -0.10621619994091674, -4.354159442568027], [-0.002827930888784765, 0.9999333193609521, 0.011196411866336941, -0.593644037119982], [0.10625390831852587, -0.010832610644663036, 0.9942799211055555, 59.3220218757939], [0.0, 0.0, 0.0, 1.0]], [[0.9944166690950057, -0.0006058189496134525, -0.10552308377505998, -4.53501540941721], [0.002173733208454523, 0.9998889367590683, 0.014744118514255833, -0.5718851081246762], [0.10550242127006447, -0.014891174285635108, 0.9943074434170543, 60.305290644325346], [0.0, 0.0, 0.0, 1.0]], [[0.9943206911160168, 0.00031365056012764165, -0.10642492584867759, -4.613181589344624], [0.0017279652211056931, 0.9998162595182902, 0.01909087056823479, -0.5766407775924233], [0.10641134854974571, -0.01916634379290033, 0.994137352766431, 61.302219552389225], [0.0, 0.0, 0.0, 1.0]], [[0.9940640668632771, 0.0024157418034452794, -0.10876945877765572, -4.580752420972715], [-1.3556380999351604e-06, 0.999753729805195, 0.022191884524933106, -0.6042776515723167], [0.10879627113162857, -0.02206000484572012, 0.9938191624103805, 62.30131131049281], [0.0, 0.0, 0.0, 1.0]], [[0.9940280343854346, 0.0024595496465700793, -0.1090972844362703, -4.767114756934324], [-0.0005354091858730719, 0.9998438587912577, 0.017662711411768416, -0.6104246538555664], [0.10912368130365074, -0.017498816389917467, 0.9938740431280523, 63.28377306553836], [0.0, 0.0, 0.0, 1.0]], [[0.9939863418238891, 0.005263251678939731, -0.10937755916699805, -4.958111707536672], [-0.004290730701692663, 0.9999491618660818, 0.009124873334486378, -0.6020444040759897], [0.10942001422309577, -0.008600688475391506, 0.9939582932121332, 64.26532782061582], [0.0, 0.0, 0.0, 1.0]], [[0.9939975230412533, 0.007636950120073238, -0.10913570076157655, -5.164223408575248], [-0.007376010847952942, 0.9999688922276307, 0.0027944661422801722, -0.5849294890076535], [0.10915363611894337, -0.0019727056348444695, 0.994022832813463, 65.243706503154], [0.0, 0.0, 0.0, 1.0]], [[0.9940350742947047, 0.008934328823490384, -0.10869429074426357, -5.364621246209559], [-0.008731474753720748, 0.9999591371518943, 0.002342087758464502, -0.5411857905356536], [0.10871076333914167, -0.0013790553067038484, 0.9940723656458278, 66.2224439651577], [0.0, 0.0, 0.0, 1.0]], [[0.9944840802274272, 0.010296388880553392, -0.10438102581519709, -5.6909709566108075], [-0.009951044798881786, 0.9999431571079093, 0.0038287413704546584, -0.512338078167683], [0.10441450430595015, -0.002768921320363745, 0.9945299112471553, 67.16725268389894], [0.0, 0.0, 0.0, 1.0]], [[0.9946297434564264, 0.013829952248623826, -0.10256902969516675, -5.886930297651748], [-0.0133391407099939, 0.9998960701480991, 0.0054695728818755, -0.5180563764907947], [0.10263400341937992, -0.004072016266452137, 0.9947107519403048, 68.14784793195966], [0.0, 0.0, 0.0, 1.0]], [[0.9949374150278917, 0.0132803351912698, -0.0996151237254078, -6.180191076723777], [-0.012950209617093143, 0.9999083012929563, 0.003959933877186635, -0.47120930211907175], [0.09965856847083113, -0.002649848898136769, 0.9950180641732953, 69.10273183658613], [0.0, 0.0, 0.0, 1.0]], [[0.9951394090966756, 0.016299167306432504, -0.09711793659175495, -6.433167628313894], [-0.01591217785980451, 0.9998620726620299, 0.004757966766590045, -0.48402951981701403], [0.09718208259014627, -0.0031894815580629132, 0.9952614078878187, 70.07011919861036], [0.0, 0.0, 0.0, 1.0]], [[0.9951480553527835, 0.014724242847995598, -0.09728075143691242, -6.619645044562984], [-0.01423473016057968, 0.9998822965853268, 0.0057241097571035515, -0.4945981443408941], [0.0973535746465798, -0.004311570536621624, 0.9952404191264798, 71.05252151435026], [0.0, 0.0, 0.0, 1.0]], [[0.9949716623562631, 0.01617132497129802, -0.09884270006778972, -6.759429072811138], [-0.015716898983059394, 0.9998620376883465, 0.005374446582447862, -0.4764228474863068], [0.09891596556980875, -0.0037939204596491483, 0.9950884573358035, 72.04253660864894], [0.0, 0.0, 0.0, 1.0]], [[0.9948192953642728, 0.018157840056059058, -0.10002430912250095, -6.882301210886275], [-0.01768223030434267, 0.9998277524714058, 0.005639514114269273, -0.48496198373067045], [0.10010947160462276, -0.003841643724013336, 0.9949689118100886, 73.03492227840702], [0.0, 0.0, 0.0, 1.0]], [[0.994374340075945, 0.020091138228783206, -0.10400008636152487, -6.8330286625202445], [-0.01920569450560696, 0.9997703394559059, 0.009508398539316038, -0.5425322809530677], [0.1041672258148543, -0.0074575124104416845, 0.9945317363335854, 74.0320469727715], [0.0, 0.0, 0.0, 1.0]], [[0.9945881776885476, 0.02193466947589709, -0.1015540598753259, -7.088703082530135], [-0.02065734239637863, 0.9996939397914677, 0.013612529130727026, -0.5323479138934586], [0.10182155440004056, -0.01144102193182135, 0.9947367863292914, 74.99875617103261], [0.0, 0.0, 0.0, 1.0]], [[0.9942376473513239, 0.025621087501766046, -0.10409159651256755, -7.176719638827018], [-0.02407783476388509, 0.999581148034041, 0.01605572695439459, -0.5514715415288064], [0.1044593523167426, -0.01345690610735412, 0.9944380098284638, 75.99469149596871], [0.0, 0.0, 0.0, 1.0]], [[0.994585508889681, 0.026928500846814196, -0.1003719151396528, -7.527079979865911], [-0.02590828810055499, 0.9995986996902801, 0.011454264935059041, -0.5428004905098419], [0.10064007201190288, -0.008791780066033901, 0.9948839532873777, 76.93126624904592], [0.0, 0.0, 0.0, 1.0]], [[0.9944459093344205, 0.025175739954892213, -0.1021935199793304, -7.664827574586875], [-0.024851235135717, 0.9996812670979556, 0.004447507803052747, -0.5561714585656399], [0.10227290664912946, -0.0018831700793124943, 0.9947544954590569, 77.92164325793655], [0.0, 0.0, 0.0, 1.0]], [[0.9944880443406942, 0.022982604556027214, -0.10230019330992081, -7.902787148358479], [-0.023222642686530164, 0.9997296498303344, -0.0011559051749778974, -0.5636470279672245], [0.10224596053433324, 0.003525214839801983, 0.9947528016621804, 78.89288944704786], [0.0, 0.0, 0.0, 1.0]], [[0.9947877907142295, 0.023939568280449047, -0.09911684274861048, -8.169364241283006], [-0.02429825460424315, 0.9997018414928714, -0.0024130766568985214, -0.578955756504331], [0.09902951233706701, 0.0048088654755766794, 0.995072776483777, 79.85658136509035], [0.0, 0.0, 0.0, 1.0]], [[0.9949307787525066, 0.025779128472148766, -0.09720175937786017, -8.437592819592307], [-0.025901119019097144, 0.9996645097169131, 6.7827036035117705e-06, -0.5413907956493658], [0.09716931430125267, 0.00251088624636105, 0.9952645978876644, 80.81920388458107], [0.0, 0.0, 0.0, 1.0]], [[0.9946718797000523, 0.02620845928360402, -0.09970440509801182, -8.481517258399117], [-0.02595735468953683, 0.9996557709559167, 0.0038151450898973034, -0.6450774709655764], [0.09977006307756586, -0.0012067543304517528, 0.9950096875194212, 81.81284341595969], [0.0, 0.0, 0.0, 1.0]], [[0.9948036999125514, 0.02339309388897358, -0.09908764705352666, -8.679626108570625], [-0.02344035576404717, 0.9997250008217835, 0.000687352560871733, -0.6509392957580862], [0.09907646746243906, 0.0016388691436036264, 0.9950783726436357, 82.79300581487091], [0.0, 0.0, 0.0, 1.0]], [[0.9951002427582673, 0.01392209008827521, -0.09788606780342221, -8.851923788438244], [-0.014419970927400189, 0.9998864305878179, -0.004380680861358609, -0.6581084917209247], [0.09781395296465469, 0.005770730742503776, 0.9951878864175036, 83.77802456028763], [0.0, 0.0, 0.0, 1.0]], [[0.9953266946999231, 0.008682160305379839, -0.09617375374893765, -9.008301576651352], [-0.0095727956314899, 0.9999154293972212, -0.008803160635430799, -0.7052296174612919], [0.09608918025760084, 0.009682671978499756, 0.9953255323263795, 84.76459710789636], [0.0, 0.0, 0.0, 1.0]], [[0.9956721774400146, 0.011780188697936239, -0.09218536882881496, -9.15027646098963], [-0.012644082420596257, 0.9998813996984097, -0.00879282189597857, -0.7381079031676162], [0.09207084534834782, 0.009920367011386277, 0.9957029405175077, 85.75392109479306], [0.0, 0.0, 0.0, 1.0]], [[0.9960553439855085, 0.01750514278153023, -0.08699035402912325, -9.355079595566739], [-0.018254172691568028, 0.9998027779411347, -0.007822429324720045, -0.7042628524734544], [0.08683625622416527, 0.009379509018029662, 0.9961783421735103, 86.73213886067109], [0.0, 0.0, 0.0, 1.0]], [[0.996508394736133, 0.016534510498418118, -0.08183904436756917, -9.493529720240778], [-0.017116367773648174, 0.9998329359959345, -0.0064132715512875355, -0.6770612898068454], [0.08171932356958582, 0.007791665820218315, 0.9966248251468991, 87.7221345385932], [0.0, 0.0, 0.0, 1.0]], [[0.997261009375766, 0.01259245183700208, -0.07288284664834015, -9.703694723457971], [-0.012753104287629661, 0.9999171631566095, -0.001739297522378052, -0.7013937370269858], [0.07285489999792254, 0.002664016359477608, 0.9973388925351008, 88.69949752737351], [0.0, 0.0, 0.0, 1.0]], [[0.9978719259469112, 0.009365562969775485, -0.06452833205086357, -9.8113269388576], [-0.00927642953945873, 0.9999555604238992, 0.0016807832489234048, -0.7303009504273774], [0.06454119950837552, -0.0010786133053822874, 0.9979143601328571, 89.69326786231085], [0.0, 0.0, 0.0, 1.0]], [[0.9984403155963171, 0.011963527225778363, -0.0545326526793783, -9.921841572528823], [-0.01190564030488798, 0.9999281644232977, 0.0013862618763924744, -0.7190423266130072], [0.05454531446275976, -0.000734853045209092, 0.9985109256593903, 90.68707849543934], [0.0, 0.0, 0.0, 1.0]], [[0.9991519095377249, 0.015356483624205414, -0.03820523626183496, -10.145244490010906], [-0.015367594017933126, 0.9998819115505208, 2.8602037829360723e-06, -0.6783079600419246], [0.03820076480646317, 0.0005842652028670745, 0.9992698135150418, 91.66095305607924], [0.0, 0.0, 0.0, 1.0]], [[0.9995636146850687, 0.021358411243432324, -0.020405843939439505, -10.084442623145977], [-0.02137066065265469, 0.9997715482262033, -0.0003823880935981938, -0.6525275565620146], [0.020393012983028116, 0.0008183079887399316, 0.9997916059827276, 92.65876982546861], [0.0, 0.0, 0.0, 1.0]], [[0.9998298941448674, 0.018377095878296456, 0.0015700704913676994, -10.031300442824714], [-0.018378529089451597, 0.9998306924862672, 0.0009033443110469176, -0.7043838938744307], [-0.0015532036285651023, -0.0009320456606339834, 0.9999982594231785, 93.65600932076879], [0.0, 0.0, 0.0, 1.0]], [[0.9994298353791103, 0.015653899891244855, 0.02991587492091715, -10.099717916634859], [-0.015694010856148702, 0.9998762292403476, 0.0011064462733626592, -0.7045444417115815], [-0.02989484898266735, -0.0015753148459461972, 0.9995517077107374, 94.65366598944408], [0.0, 0.0, 0.0, 1.0]], [[0.9991749814033006, 0.015527321925203303, 0.037526774595600755, -9.423611423266959], [-0.015742726304562547, 0.9998612150843122, 0.005451342827886087, -0.8019123401370951], [-0.03743691790768025, -0.0060376180273337045, 0.9992806534433367, 95.38400796052947], [0.0, 0.0, 0.0, 1.0]], [[0.9971952797660277, 0.01413662871497997, 0.073496460737458, -9.631488246211035], [-0.01464616966919667, 0.9998722661947408, 0.006398516126374893, -0.8166534754008293], [-0.07339661192898811, -0.007457010488000629, 0.9972748519600501, 96.36205179365399], [0.0, 0.0, 0.0, 1.0]], [[0.9940368490614444, 0.012343255671713583, 0.10834383576107158, -9.3859539922996], [-0.013296867716892377, 0.9998789164945657, 0.008083666159420551, -0.8599097222591356], [-0.10823092748848287, -0.009476094263429068, 0.9940805148339372, 97.33047404824818], [0.0, 0.0, 0.0, 1.0]], [[0.9893797215202391, 0.012330538115095283, 0.14482998472115843, -9.02992645326568], [-0.01343988313460396, 0.999887342562246, 0.006683690981967922, -0.8200294519457142], [-0.14473124052702838, -0.008559205056589492, 0.9894338825936371, 98.2640980542101], [0.0, 0.0, 0.0, 1.0]], [[0.9811785791999622, 0.01411400668056252, 0.19258606007333418, -8.873467156138618], [-0.015402959766797156, 0.999867860125625, 0.005197222164842116, -0.7819618977705796], [-0.19248723886017646, -0.008065797108792894, 0.9812662257476295, 99.25104848690904], [0.0, 0.0, 0.0, 1.0]], [[0.9719475747728601, 0.015655395623411315, 0.23467599042304196, -8.397558411631248], [-0.01734581342176772, 0.999836334826594, 0.005140653388905537, -0.8686138762403401], [-0.23455707968116515, -0.009067090152706257, 0.9720599591833924, 100.12626396857898], [0.0, 0.0, 0.0, 1.0]], [[0.9593725754474438, 0.015917667842096826, 0.2816928989694497, -7.855318747669476], [-0.01763436508324606, 0.9998381645908367, 0.003560027491779755, -0.9517207099110212], [-0.2815906155534889, -0.008382866847811652, 0.9594979170251654, 100.9623675850366], [0.0, 0.0, 0.0, 1.0]], [[0.9419936555488384, 0.016266976207661342, 0.33523624265702656, -7.376364789145472], [-0.017860981166777704, 0.9998390816501828, 0.0016721712483424623, -0.9696638745548509], [-0.3351550622733443, -0.007562821688010022, 0.9421325214430708, 101.8400241196763], [0.0, 0.0, 0.0, 1.0]], [[0.9195830840875461, 0.015945532729842452, 0.3925718933469432, -6.889783871859889], [-0.017303973230430616, 0.9998502719873621, -7.821280418681796e-05, -0.972329395047798], [-0.3925143221964105, -0.0067211292105463505, 0.9197212258575095, 102.71365547995144], [0.0, 0.0, 0.0, 1.0]], [[0.8943762476931438, 0.015278206571011884, 0.44705447539009235, -6.223421080470222], [-0.016347569517639805, 0.999865295199495, -0.0014657511715944795, -0.9958666123205668], [-0.4470166043198846, -0.0059973200028540005, 0.8945054430326937, 103.45891150192749], [0.0, 0.0, 0.0, 1.0]], [[0.8625301303917849, 0.011116031003899686, 0.5058835913736026, -5.649470484415117], [-0.011805597239920472, 0.9999286122967844, -0.0018434164046701826, -1.0923803451758411], [-0.5058679183585372, -0.004382254820968774, 0.8625997014944403, 104.2720939504387], [0.0, 0.0, 0.0, 1.0]], [[0.8287558333529065, 0.010924327181653518, 0.5595037334631119, -4.982971412612173], [-0.011721650839343636, 0.9999289636695736, -0.0021611377324283463, -1.1191968194276873], [-0.5594875413649788, -0.004767250948857966, 0.8288249298710644, 105.01711726027158], [0.0, 0.0, 0.0, 1.0]], [[0.7910840283673918, 0.009400444498744432, 0.6116352603515017, -4.288071509875915], [-0.009393179731795043, 0.9999507001405281, -0.0032195439117231103, -1.1011145931836464], [-0.6116353107671115, -0.003198269364875033, 0.7911332490142867, 105.73599628957338], [0.0, 0.0, 0.0, 1.0]], [[0.7367398179293556, 0.013996553019704499, 0.6760314616798473, -3.9815788571980737], [-0.012212923919641485, 0.9998980945280004, -0.0073922289340185455, -0.9645846480492614], [-0.6760659684638182, -0.002810170649741932, 0.7368356052919892, 106.678026883318], [0.0, 0.0, 0.0, 1.0]], [[0.6922724735862994, 0.013328112810122824, 0.7215131209642907, -3.2185175872061493], [-0.006443927508245722, 0.999903737106545, -0.012287893173365837, -0.8407613500972828], [-0.7216073682601336, 0.003857192047880444, 0.6922916496262269, 107.31238105126273], [0.0, 0.0, 0.0, 1.0]], [[0.6447833318771004, 0.012538722098793776, 0.7642625434898652, -2.4214827003933657], [-0.003645507903272271, 0.9999045175965948, -0.013329139584173073, -0.8815973435506926], [-0.7643566237785067, 0.005808281787857602, 0.644767411977845, 107.9149320851017], [0.0, 0.0, 0.0, 1.0]], [[0.5970356294930887, 0.008903441088730544, 0.8021653108010685, -1.579113084384564], [0.0030611503041876446, 0.9999058439655113, -0.013376567662914809, -0.9392424988215569], [-0.8022087993284146, 0.010441835514915596, 0.5969521005500827, 108.45074028038526], [0.0, 0.0, 0.0, 1.0]], [[0.5461280117827663, 0.011851166816663782, 0.8376178989200807, -0.7559485761334064], [0.0009424160784216483, 0.9998905980582772, -0.014761563826465329, -0.9666045188037883], [-0.8377011198549089, 0.00885108767273561, 0.5460570410138984, 109.01788350924492], [0.0, 0.0, 0.0, 1.0]], [[0.5006014688741416, 0.014669740999674694, 0.8655535616355923, 0.1748522058534685], [-0.00340494796375527, 0.9998820393356054, -0.014977107312230653, -1.0177660230660692], [-0.865671084058799, 0.004550397106839928, 0.5005923172708981, 109.37981219747863], [0.0, 0.0, 0.0, 1.0]], [[0.4578061225719194, 0.016211924939765407, 0.8889042286013816, 1.1237278211317419], [-0.0032797830371573615, 0.9998577206699025, -0.016546342194686977, -1.0682297504436524], [-0.8890459150365633, 0.004659603765476025, 0.45779411207393533, 109.69140242261633], [0.0, 0.0, 0.0, 1.0]], [[0.41713000922059656, 0.013168892777615716, 0.9087514157736657, 2.1023597925839588], [0.003483168243576774, 0.9998645118381406, -0.016088054750999396, -1.1309639741099708], [-0.9088400616776736, 0.009876143990763317, 0.41702758190509426, 109.88721833301753], [0.0, 0.0, 0.0, 1.0]], [[0.3378704981976594, 0.03757937206414007, 0.9404420860653441, 2.194485367181896], [0.01535192925593272, 0.9988496119312549, -0.045428746547854906, -0.5666735301825641], [-0.9410673023493051, 0.029786631104206616, 0.33690486647787826, 110.70763837264694], [0.0, 0.0, 0.0, 1.0]], [[0.30252052254447065, 0.033634260311737905, 0.952549248056345, 3.1680660844367923], [0.016864152393314933, 0.9990318744758508, -0.04063144281624038, -0.6874308614748142], [-0.952993574019297, 0.028355778637864187, 0.30166040127232624, 110.90143793108726], [0.0, 0.0, 0.0, 1.0]], [[0.26772882153958205, 0.03929732586981801, 0.9626925772522157, 4.12825440998395], [0.015538186292285646, 0.9988618552618762, -0.04509499827647881, -0.6769154390461398], [-0.9633689102465562, 0.027031725130023724, 0.2668134715618219, 111.18059342890425], [0.0, 0.0, 0.0, 1.0]], [[0.233930346545103, 0.04798180029621677, 0.9710686586465593, 5.078007313342449], [0.008372312769815392, 0.998645043917104, -0.05136127567240546, -0.6690486822875519], [-0.9722172124962614, 0.020145050013753548, 0.2332116392591868, 111.49349521885806], [0.0, 0.0, 0.0, 1.0]], [[0.20496628835835887, 0.05128729581304594, 0.9774243878299687, 6.057218442926795], [0.003057909895034229, 0.9985877584218292, -0.05303902258853744, -0.7833105508518892], [-0.9787641586236588, 0.013860086399498678, 0.2045199740825674, 111.66109529483013], [0.0, 0.0, 0.0, 1.0]], [[0.180202519049311, 0.05233086102500712, 0.9822364955104598, 7.045023385141681], [0.004198590942666141, 0.9985337621605261, -0.053969414112526544, -0.9102098399129718], [-0.983620470730498, 0.013849432723565194, 0.17971856546601858, 111.75130595853447], [0.0, 0.0, 0.0, 1.0]], [[0.15794153646558018, 0.053161670388797044, 0.9860163831602241, 8.041980653513686], [0.012995363079947862, 0.9983513303834011, -0.05590833265372974, -0.9880856697444343], [-0.9873628495104977, 0.02164388717827505, 0.15699027216467704, 111.74790536829997], [0.0, 0.0, 0.0, 1.0]], [[0.13687383264233605, 0.05967684209912709, 0.9887892740391548, 9.032494381894912], [0.02072216430020022, 0.9977927671153171, -0.06308871372187745, -1.011069960837434], [-0.9903716219910311, 0.029125045406195538, 0.13533507337329914, 111.88338330700455], [0.0, 0.0, 0.0, 1.0]], [[0.1167596498879696, 0.066137291459882, 0.9909556210226543, 10.02023594779595], [0.020471536555751912, 0.9974079791033775, -0.06897999283828918, -1.092724328340616], [-0.9929490939264329, 0.028340461680233357, 0.11510306295856054, 112.01642143526807], [0.0, 0.0, 0.0, 1.0]], [[0.10067079564378179, 0.06717250715752485, 0.9926496084654571, 11.019869192741274], [0.02365007872356504, 0.997274737236296, -0.06988399134747848, -1.0875894614839035], [-0.9946385608792145, 0.030511515825983788, 0.09880779632266205, 112.04301099636234], [0.0, 0.0, 0.0, 1.0]], [[0.08452116739331561, 0.06303934704548121, 0.9944255693547688, 12.01056724006824], [0.026290223082386193, 0.9975081929419429, -0.0654692995531979, -1.1100200165475747], [-0.9960746949737002, 0.03167720899632055, 0.08265323020468325, 112.17722808334412], [0.0, 0.0, 0.0, 1.0]], [[0.06865749154914898, 0.05937264717973883, 0.9958719986128011, 13.001656116668682], [0.022414721048542988, 0.9978837381081165, -0.06103790215674855, -1.194709383122399], [-0.9973883547295164, 0.026512900129401527, 0.06718136629074532, 112.28004119321605], [0.0, 0.0, 0.0, 1.0]], [[0.056394513014472104, 0.055309023047897685, 0.9968754038852368, 13.995641719078789], [0.029468329449967353, 0.9979371858966093, -0.057034994207010206, -1.3000464958447782], [-0.9979734852378228, 0.032592710766138136, 0.054648311659209865, 112.25009610155797], [0.0, 0.0, 0.0, 1.0]], [[0.044466960787374235, 0.05541611734096251, 0.9974726779903262, 14.993294370067993], [0.03238066362410257, 0.9978557280473511, -0.05688091618779232, -1.357254224883924], [-0.9984858449631396, 0.034828145727123595, 0.04257719663704919, 112.2877322062055], [0.0, 0.0, 0.0, 1.0]], [[0.03605767795152927, 0.05546784574176978, 0.9978091811311006, 15.972596492259743], [0.031034571298429018, 0.9979147449028661, -0.0565952055370466, -1.5044374219799357], [-0.9988676086773279, 0.03300726904822857, 0.034261064274594674, 112.14879166698589], [0.0, 0.0, 0.0, 1.0]], [[0.02630884131003667, 0.05585513442620574, 0.9980922045718823, 16.966605704404948], [0.029136320889102, 0.9979707731524345, -0.05661634692020875, -1.5855209461737683], [-0.9992290628038801, 0.030570242659075875, 0.024628039139529604, 112.22207971001862], [0.0, 0.0, 0.0, 1.0]], [[0.02140312399889931, 0.05583519434822735, 0.9982105676435156, 17.96239369808854], [0.02783855492583937, 0.9980188594050435, -0.05642137123029631, -1.6771901352254182], [-0.9993831704410303, 0.028996330900021038, 0.01980634831524906, 112.22382325720838], [0.0, 0.0, 0.0, 1.0]], [[0.01607084744752509, 0.05591114860843015, 0.998306401523906, 18.95608480984812], [0.0289217700135034, 0.9979915745195097, -0.05635910225833458, -1.7849313070996322], [-0.9994523796917125, 0.029778524184820153, 0.01442151954411266, 112.25496499691162], [0.0, 0.0, 0.0, 1.0]], [[0.011856481378140476, 0.05733506976676589, 0.9982845854886151, 19.954992593094367], [0.032255508014473154, 0.9978132690217637, -0.05769109434601739, -1.8192963168272334], [-0.9994092286227559, 0.03288418702542859, 0.00998118166137932, 112.22330583715868], [0.0, 0.0, 0.0, 1.0]], [[0.00926142566464579, 0.057082215451389036, 0.9983265230744026, 20.921601216695105], [0.035180312927214775, 0.9977326785252386, -0.05737462666726089, -1.8966163783283354], [-0.9993379667595979, 0.03565280723997658, 0.007232256128970386, 111.97899177963278], [0.0, 0.0, 0.0, 1.0]], [[0.005136073979080266, 0.05706942410269652, 0.9983570010655878, 21.91970724947104], [0.03549880220600052, 0.9977304933977511, -0.05721623533781361, -1.9579029760004725], [-0.9993564209074366, 0.03573434143591195, 0.003098521136273413, 111.98431152695524], [0.0, 0.0, 0.0, 1.0]], [[0.0028550896426125694, 0.056164284797696015, 0.9984174585694614, 22.918337359899812], [0.0391920730118596, 0.997648145306501, -0.056233082607524354, -2.006090242087875], [-0.9992275167084192, 0.039290596975196615, 0.0006471800910237124, 111.96391797064189], [0.0, 0.0, 0.0, 1.0]], [[-1.3068672481143727e-05, 0.055664724185153884, 0.9984495171567798, 23.915511271052292], [0.040839235889124116, 0.9976165708757279, -0.05561775189774893, -2.079675456960465], [-0.9991656303815372, 0.040775184906769096, -0.0022863420774412286, 111.94877173981666], [0.0, 0.0, 0.0, 1.0]], [[-0.0029056967758105427, 0.05671283997850615, 0.9983863033454662, 24.906047773174826], [0.04717587243865209, 0.9972866735974898, -0.05651307569509145, -2.0982884305874236], [-0.9988